tree
version=v4
num_class=1
num_tree_per_iteration=1
label_index=0
max_feature_idx=44
objective=binary sigmoid:1
feature_names=Column_0 Column_1 Column_2 Column_3 Column_4 Column_5 Column_6 Column_7 Column_8 Column_9 Column_10 Column_11 Column_12 Column_13 Column_14 Column_15 Column_16 Column_17 Column_18 Column_19 Column_20 Column_21 Column_22 Column_23 Column_24 Column_25 Column_26 Column_27 Column_28 Column_29 Column_30 Column_31 Column_32 Column_33 Column_34 Column_35 Column_36 Column_37 Column_38 Column_39 Column_40 Column_41 Column_42 Column_43 Column_44
feature_infos=none [-7.4000000000000004:4.6560000000000006] [0:1] [0:1] [0:1] [0:1] [0:1] [0:1] [0:1] [0:1] [0:1] [0:1] [0:1] [0:1] [0:1] [0.25:1] [0:1] [0:1] [0:1] [-0.3666666666666667:1] [0:1] none [-1.05:1.1499999999999999] [-1:0.66666666666666663] [-0.90000000000000002:0.66666666666666663] [0:1] [0:1] [0:1] [0.0625:1] [0.45000000000000001:1] [0:1] [0.010999999999999999:1] [0.010999999999999999:1] [0.048000000000000001:1] [0.014:1] [0.028000000000000001:1] [0:1] [0:1] [0:1] [0:1] [0:1] [0:1] [0:1] [0:1] [0:1]
tree_sizes=1703 1728 1732 1737 1744 1740 1749

Tree=0
num_leaves=15
num_cat=0
split_feature=11 12 1 8 2 18 36 13 36 2 2 18 6 30
split_gain=3569.15 1582.23 991.676 564.832 367.063 179.048 155.881 148.68 127.524 89.4761 70.9329 65.7697 67.7632 59.8856
threshold=1.0000000180025095e-35 1.0000000180025095e-35 2.5865000000000005 1.0000000180025095e-35 0.06950000000000002 1.0000000180025095e-35 0.45000000000000007 1.0000000180025095e-35 0.45000000000000007 0.49200000000000005 0.32350000000000007 1.0000000180025095e-35 0.45833333333333343 0.19523809523809527
decision_type=2 2 2 2 2 2 2 2 2 2 2 2 2 2
left_child=1 2 3 4 -1 8 10 -5 -4 11 -6 12 -8 -10
right_child=-2 -3 5 7 6 -7 9 -9 13 -11 -12 -13 -14 -15
leaf_value=-1.8065841878502815 -1.5812434149751604 -1.6351405156779171 -1.7154447990706212 -1.7275982902055391 -1.7969263160866602 -1.8139665098065407 -1.7096183483889831 -1.6566945083174336 -1.7600043747289793 -1.5983779707632062 -1.6952976575661529 -1.7702634962417876 -1.8027729185076975 -1.633275602535794
leaf_weight=348.19577014446259 381.73201087117195 285.23965036869049 49.517409592866898 162.47521680593491 100.48765271902084 12.106946110725401 130.51287907361984 69.73600959777832 7.1430982053279868 7.6273760497570029 11.380529344081877 56.781577259302139 13.922988027334211 152.42645153403282
leaf_count=2531 978 1051 264 912 710 90 683 286 44 18 54 369 100 554
internal_value=-1.68963 -1.71916 -1.74065 -1.75938 -1.77812 -1.66491 -1.74732 -1.70575 -1.65629 -1.72697 -1.78568 -1.73285 -1.7185 -1.63862
internal_weight=1789.29 1407.55 1122.31 901.12 668.909 221.194 320.713 232.211 209.087 208.845 111.868 201.217 144.436 159.57
internal_count=8644 7666 6615 5663 4465 952 1934 1198 862 1170 764 1152 783 598
is_linear=0
shrinkage=1


Tree=1
num_leaves=15
num_cat=0
split_feature=2 18 15 20 3 1 30 30 2 18 15 22 37 30
split_gain=1671.27 528.188 484.071 301.439 275.14 158.963 144.08 135.884 126.702 116.704 140.985 104.513 99.0534 88.7685
threshold=0.16050000000000003 1.0000000180025095e-35 0.62500000000000011 1.0000000180025095e-35 0.50600000000000012 1.1015000000000004 0.48610038610038614 0.4393382352941177 0.030500000000000003 1.0000000180025095e-35 0.62500000000000011 0.52500000000000013 0.91666666666666685 0.69782608695652182
decision_type=2 2 2 2 2 2 2 2 2 2 2 2 2 2
left_child=1 2 3 5 9 12 -6 8 -4 10 -2 -9 -1 -3
right_child=4 13 7 -5 6 -7 -8 11 -10 -11 -12 -13 -14 -15
leaf_value=0.0017159957134177228 0.10872897282453646 -0.010563161885431174 -0.0047853561194395227 0.10193902479884315 0.10473211012355967 0.069964802554046801 0.18428057393373051 0.1406796079597426 0.099656929403293154 0.043072582456129167 0.15317316307289761 0.059794390237712762 0.070770065596125364 0.062775051846535812
leaf_weight=173.20242084562778 238.95458864420652 126.68941913545132 22.901097431778908 168.19830919802189 46.54917549341917 138.67779365926981 308.11362782865763 250.25728487223387 95.605421237647533 26.219666995108128 251.24179549515247 30.785299219191074 40.143916085362434 32.298219181597233
leaf_count=1227 1022 943 163 771 195 736 722 873 433 161 793 165 217 187
internal_value=0.105378 0.0719911 0.0836163 0.0580004 0.146595 0.0367771 0.174164 0.116741 0.0796026 0.127362 0.131774 0.132063 0.014979 0.00463469
internal_weight=1949.84 1078.76 919.772 520.222 871.079 352.024 354.663 399.549 118.507 516.416 490.196 281.043 213.346 158.988
internal_count=8608 5715 4585 2951 2893 2180 917 1634 596 1976 1815 1038 1444 1130
is_linear=0
shrinkage=0.04


Tree=2
num_leaves=15
num_cat=0
split_feature=11 12 1 13 19 18 2 6 36 1 16 36 5 1
split_gain=2023.39 788.511 666.803 376.417 217.331 129.796 117.501 108.309 102.188 99.6886 59.9924 59.4334 59.044 63.3876
threshold=1.0000000180025095e-35 1.0000000180025095e-35 2.5210000000000004 1.0000000180025095e-35 1.0000000180025095e-35 1.0000000180025095e-35 0.21750000000000003 0.12500000000000003 0.45000000000000007 0.97950000000000037 1.0000000180025095e-35 0.91666666666666685 0.20833333333333334 1.6300000000000006
decision_type=2 2 2 2 2 2 2 2 2 2 2 2 2 2
left_child=1 2 3 4 6 8 -1 -6 -4 10 -5 -9 -11 -14
right_child=-2 -3 5 9 7 -7 -8 11 -10 12 -12 -13 13 -15
leaf_value=0.0037946566953216015 0.16153133935560568 0.12428216374695478 0.066398025971451918 0.017823292380567252 0.11558021938133575 -0.011297662416292358 0.073824060958260787 0.03552180484189995 0.12641000210593159 0.13098896266572085 0.078848134694789296 0.11222558282489034 0.097618728510195471 -0.0078983111583328953
leaf_weight=467.86259539425373 493.73666371405125 323.69238314032555 62.337890326976776 44.070706628262997 40.351054683327675 13.901674300432203 40.770969122648239 166.4533116966486 214.34649877995253 72.998947061598301 63.664480432868004 17.278721541166306 33.943911381065845 12.128963202238081
leaf_count=3216 993 1018 298 285 150 104 190 921 669 252 289 65 141 77
internal_value=0.0909204 0.0686797 0.0541946 0.0380463 0.0240445 0.107204 0.00954191 0.0567744 0.113177 0.082976 0.0542785 0.0433037 0.108273 0.070263
internal_weight=2067.54 1573.8 1250.11 959.524 732.717 290.586 508.634 224.083 276.684 226.807 107.735 183.732 119.072 46.0729
internal_count=8668 7675 6657 5586 4542 1071 3406 1136 967 1044 574 986 470 218
is_linear=0
shrinkage=0.04


Tree=3
num_leaves=15
num_cat=0
split_feature=11 12 2 19 17 36 15 2 31 36 2 33 32 4
split_gain=1380.42 678.626 473.564 231.677 159.035 154.564 100.891 86.8996 78.1836 77.7424 75.912 75.1181 70.9541 57.2221
threshold=1.0000000180025095e-35 1.0000000180025095e-35 0.14000000000000004 1.0000000180025095e-35 1.0000000180025095e-35 0.45000000000000007 0.62500000000000011 0.06950000000000002 0.27200000000000008 0.63333333333333341 0.085500000000000007 0.36750000000000005 0.70950000000000013 0.40650000000000008
decision_type=2 2 2 2 2 2 2 2 2 2 2 2 2 2
left_child=1 2 3 4 7 12 -6 -1 -7 10 -5 -9 -4 -8
right_child=-2 -3 5 9 6 8 13 11 -10 -11 -12 -13 -14 -15
leaf_value=-0.016164861191046574 0.1396527073706863 0.11355407945178024 0.038171570961351813 0.069309493223393873 0.020137021318584854 0.083292469130750085 0.043447326472106779 0.059996179893693144 0.12624336627384858 0.10525341780285344 0.0024834860696455506 -0.0076618114963385607 0.11573550216897995 0.10290077443014221
leaf_weight=204.55722546577454 524.74594058096409 361.75627657771111 146.53494966030121 97.39656563103199 152.37770956754684 258.49184807389975 60.049364872276783 55.376233324408531 100.09152285754681 63.06198538839817 37.693357601761818 48.764382913708687 21.152182534337044 48.390098765492439
leaf_count=1530 974 1029 764 449 946 1006 331 303 261 214 224 340 67 178
internal_value=0.0831312 0.0651442 0.0515326 0.0314313 0.0184071 0.080739 0.0413391 -0.00103885 0.0955991 0.0685841 0.0508187 0.0285434 0.0485836 0.0706757
internal_weight=2180.44 1655.69 1293.94 767.667 569.515 526.271 260.817 308.698 358.583 198.152 135.09 104.141 167.687 108.439
internal_count=8616 7642 6613 4515 3628 2098 1455 2173 1267 887 673 643 831 509
is_linear=0
shrinkage=0.04


Tree=4
num_leaves=15
num_cat=0
split_feature=11 12 1 8 2 18 2 13 30 19 35 13 6 35
split_gain=1345.17 529.891 429.791 259.028 176.98 87.9926 75.931 70.5302 66.6274 59.8409 57.1448 51.9135 79.3762 40.6466
threshold=1.0000000180025095e-35 1.0000000180025095e-35 2.4255000000000009 1.0000000180025095e-35 0.06950000000000002 1.0000000180025095e-35 0.32350000000000007 1.0000000180025095e-35 0.23904761904761906 1.0000000180025095e-35 0.61150000000000004 1.0000000180025095e-35 0.12500000000000003 0.38550000000000006
decision_type=2 2 2 2 2 2 2 2 2 2 2 2 2 2
left_child=1 2 3 4 9 8 7 -6 13 -1 11 12 -5 -4
right_child=-2 -3 5 10 6 -7 -8 -9 -10 -11 -12 -13 -14 -15
leaf_value=-0.0064582439760632908 0.12758062435041687 0.099163583207913908 0.075250854558403801 0.12090883913813469 0.020126478523792641 0.0018192321991217719 0.091756701927948145 0.062484498074628594 0.094155309015423225 0.048485335781776308 0.016957772166503612 0.10195286793968084 0.046801274555775652 -0.027097977813652068
leaf_weight=320.76074399799109 588.19422286748886 376.00786051154137 10.923117801547052 27.474519580602646 221.763661429286 19.675594463944435 38.188538119196892 87.770625084638596 296.347396671772 34.185046494007111 35.652203381061554 67.114318251609802 142.65215945243835 12.155899003148077
leaf_count=2302 970 1022 40 79 1299 138 120 389 922 169 176 198 685 76
internal_value=0.075494 0.0573081 0.0452707 0.0317296 0.0188356 0.0840194 0.0390741 0.0322999 0.0890612 -0.00104525 0.0647403 0.0718196 0.0594058 0.0224563
internal_weight=2278.87 1690.67 1314.66 975.562 702.669 339.102 347.723 309.534 319.426 354.946 272.893 237.241 170.127 23.079
internal_count=8585 7615 6593 5417 4279 1176 1808 1688 1038 2471 1138 962 764 116
is_linear=0
shrinkage=0.04


Tree=5
num_leaves=15
num_cat=0
split_feature=11 2 36 18 12 19 1 37 30 18 38 2 1 33
split_gain=937.642 484.113 264.952 198.881 198.112 191.868 111.361 95.9784 80.3597 70.0818 66.7391 53.0595 52.5898 47.2002
threshold=1.0000000180025095e-35 0.072000000000000008 0.70833333333333348 1.0000000180025095e-35 1.0000000180025095e-35 1.0000000180025095e-35 1.3405000000000002 0.81666666666666676 0.60232558139534886 1.0000000180025095e-35 0.44345000000000007 0.084000000000000019 -1.8984999999999996 0.34350000000000008
decision_type=2 2 2 2 2 2 2 2 2 2 2 2 2 2
left_child=1 4 7 -4 5 6 -1 8 12 -8 -7 -9 -3 -5
right_child=-2 2 3 13 -6 10 9 11 -10 -11 -12 -13 -14 -15
leaf_value=-0.01283020827816422 0.11273850722909722 -0.04495746501145783 0.099916380566536761 0.05668139824815125 0.07613577470847592 0.07656072034381424 0.053976511435947928 0.1165383451834071 0.066533743218137154 -0.031690231514255748 0.0043259165702250477 0.064862325347129449 0.033394103000641356 -0.027088116264678799
leaf_weight=268.85815911740065 618.51501615345478 13.589365288615225 457.7371302396059 17.771915055811405 100.51545199751854 86.78444741666317 76.755452275276184 38.217545717954636 141.46682687848806 18.30769032984972 26.848292127251625 240.74092587083578 271.4701060205698 24.280902251601219
leaf_count=1984 989 97 1158 87 296 324 377 110 555 147 148 910 1306 168
internal_value=0.0703008 0.0555272 0.0699564 0.0922833 0.0253735 0.0145523 0.000336419 0.054031 0.0419199 0.0373203 0.0596802 0.072333 0.0295148 0.00880793
internal_weight=2401.86 1783.34 1205.27 499.79 578.069 477.554 363.921 705.485 426.526 95.0631 113.633 278.958 285.059 42.0528
internal_count=8656 7667 4391 1413 3276 2980 2508 2978 1958 524 472 1020 1403 255
is_linear=0
shrinkage=0.04


Tree=6
num_leaves=15
num_cat=0
split_feature=11 2 36 12 8 18 12 1 32 36 4 33 35 22
split_gain=833.681 392.574 252.865 165.471 162.778 151.413 98.6471 66.6735 65.9486 48.9843 64.9091 46.4998 53.8363 44.1036
threshold=1.0000000180025095e-35 0.072000000000000008 0.45000000000000007 1.0000000180025095e-35 1.0000000180025095e-35 1.0000000180025095e-35 1.0000000180025095e-35 2.5555000000000003 0.70950000000000013 0.81666666666666676 0.77950000000000019 0.51800000000000013 0.20150000000000004 -0.57499999999999984
decision_type=2 2 2 2 2 2 2 2 2 2 2 2 2 2
left_child=1 3 6 4 7 9 8 -1 -3 10 -4 12 -5 -6
right_child=-2 2 5 11 13 -7 -8 -9 -10 -11 -12 -13 -14 -15
leaf_value=-0.0011678547492843651 0.10434166996087607 0.019612833204897279 0.071316369517410633 -0.019268435166416461 0.085996576049461648 0.020042898864378916 0.084455172288516997 0.060144404866025458 0.088464295621149755 0.089112441904698067 -0.045768413796646173 -0.019837690104418867 0.088349001489700429 0.026803850496024764
leaf_weight=360.68994321674109 663.45255406200886 264.61762002855539 372.94552040100098 7.7951398342847815 53.801517903804779 73.577711395919323 53.380719393491745 29.798013314604759 23.457554861903191 466.70160076022148 7.0937515050172797 7.8840925246477118 84.220473557710648 33.804049462080002
leaf_count=2510 988 1378 1240 38 171 423 130 114 70 1141 40 38 204 153
internal_value=0.065899 0.0519868 0.0644903 0.0246272 0.0147686 0.0754036 0.0349413 0.00365254 0.0255059 0.0801849 0.0690165 0.0711938 0.079123 0.0637164
internal_weight=2503.22 1839.77 1261.77 577.993 478.094 920.319 341.456 390.488 288.075 846.741 380.039 99.8997 92.0156 87.6056
internal_count=8638 7650 4422 3228 2948 2844 1578 2624 1448 2421 1280 280 242 324
is_linear=0
shrinkage=0.04


end of trees

feature_importances:
Column_2=14
Column_1=9
Column_18=9
Column_36=9
Column_12=7
Column_11=6
Column_30=6
Column_13=4
Column_19=4
Column_6=3
Column_8=3
Column_15=3
Column_33=3
Column_35=3
Column_4=2
Column_22=2
Column_32=2
Column_37=2
Column_3=1
Column_5=1
Column_16=1
Column_17=1
Column_20=1
Column_31=1
Column_38=1

parameters:
[boosting: gbdt]
[objective: binary]
[metric: binary_logloss]
[tree_learner: serial]
[device_type: cpu]
[data_sample_strategy: bagging]
[data: ]
[valid: ]
[num_iterations: 400]
[learning_rate: 0.04]
[num_leaves: 15]
[num_threads: 0]
[seed: 0]
[deterministic: 0]
[force_col_wise: 0]
[force_row_wise: 0]
[histogram_pool_size: -1]
[max_depth: -1]
[min_data_in_leaf: 25]
[min_sum_hessian_in_leaf: 0.001]
[bagging_fraction: 0.85]
[pos_bagging_fraction: 1]
[neg_bagging_fraction: 1]
[bagging_freq: 1]
[bagging_seed: 3]
[bagging_by_query: 0]
[feature_fraction: 0.85]
[feature_fraction_bynode: 1]
[feature_fraction_seed: 2]
[extra_trees: 0]
[extra_seed: 6]
[early_stopping_round: 0]
[early_stopping_min_delta: 0]
[first_metric_only: 0]
[max_delta_step: 0]
[lambda_l1: 0]
[lambda_l2: 1]
[linear_lambda: 0]
[min_gain_to_split: 0]
[drop_rate: 0.1]
[max_drop: 50]
[skip_drop: 0.5]
[xgboost_dart_mode: 0]
[uniform_drop: 0]
[drop_seed: 4]
[top_rate: 0.2]
[other_rate: 0.1]
[min_data_per_group: 100]
[max_cat_threshold: 32]
[cat_l2: 10]
[cat_smooth: 10]
[max_cat_to_onehot: 4]
[top_k: 20]
[monotone_constraints: ]
[monotone_constraints_method: basic]
[monotone_penalty: 0]
[feature_contri: ]
[forcedsplits_filename: ]
[refit_decay_rate: 0.9]
[cegb_tradeoff: 1]
[cegb_penalty_split: 0]
[cegb_penalty_feature_lazy: ]
[cegb_penalty_feature_coupled: ]
[path_smooth: 0]
[interaction_constraints: ]
[verbosity: -1]
[saved_feature_importance_type: 0]
[use_quantized_grad: 0]
[num_grad_quant_bins: 4]
[quant_train_renew_leaf: 0]
[stochastic_rounding: 1]
[linear_tree: 0]
[max_bin: 255]
[max_bin_by_feature: ]
[min_data_in_bin: 3]
[bin_construct_sample_cnt: 200000]
[data_random_seed: 1]
[is_enable_sparse: 1]
[enable_bundle: 1]
[use_missing: 1]
[zero_as_missing: 0]
[feature_pre_filter: 1]
[pre_partition: 0]
[two_round: 0]
[header: 0]
[label_column: ]
[weight_column: ]
[group_column: ]
[ignore_column: ]
[categorical_feature: ]
[forcedbins_filename: ]
[precise_float_parser: 0]
[parser_config_file: ]
[objective_seed: 5]
[num_class: 1]
[is_unbalance: 0]
[scale_pos_weight: 6]
[sigmoid: 1]
[boost_from_average: 1]
[reg_sqrt: 0]
[alpha: 0.9]
[fair_c: 1]
[poisson_max_delta_step: 0.7]
[tweedie_variance_power: 1.5]
[lambdarank_truncation_level: 30]
[lambdarank_norm: 1]
[label_gain: ]
[lambdarank_position_bias_regularization: 0]
[eval_at: ]
[multi_error_top_k: 1]
[auc_mu_weights: ]
[num_machines: 1]
[local_listen_port: 12400]
[time_out: 120]
[machine_list_filename: ]
[machines: ]
[gpu_platform_id: -1]
[gpu_device_id: -1]
[gpu_device_id_list: ]
[gpu_use_dp: 0]
[num_gpu: 1]

end of parameters

pandas_categorical:null
